944222703144022067
931958176725762058
783983411751813141
694323947495489689
919952471768567898
617694287307472926
813845329182851103
951870938717225000
159985870458322944
994719454808256533
986297749664329769
944988990099038208
357467618569093126
868094268726739004
902487231208517643
925071662121123900
589414099322929152
298822483060981760
662522029454655488
499595256270946326
941951626887975032
805381664783859723
922907395322167317
238620608743735296
807718433751302146
774713588342063195
830201805266616371
899262075006779432
601050159098363905
900810252306514020
947245854035673178
936687543167123516
760816116590575629
914216705071399014
748603014423773314
946821439904944139
915318615258038285
969694794748158033
702144954084098088
808346067317162015
899010565933006871
709198218852040785
758638165636022273
574416129510866953
954898539320860692
637000012467011615
680430507863048225
938045866932064316
852629509505417216
950806988177158144
823614605388808193
836095313546182676
837377865132539944
773254610542002197
752507783223443538
847927913231286303
939499782580355083
865085570032336928
959476770153828352
898673657910534164
855437349248172103
947108479632560128
584516875723997215
816652668448669726
936025964440338442
749968857757646868
930789249614250004
873688584106954802
155149108183695360
933284291323002912
718547702886957116
801832916640333825
772178814461280256
393582758355795973
996668419707502623
966164289473875978
476848339405635584
713507450132627516
949695661513777152
999423246585839708
640320160007323685
930522773430874152
808187322406535169
819183195622473730
718716613087592470
930796112611274782
277898505132179468
773537607140376606
984485025925971970
765058555911864320
968261571044327524
712473351154565131
947510061431918652
681910566495060005
968313367817244682
844228137160278057
673075427472048138
955904437761753129
676115786984587326
876151952612917298
990181548093485076
922785574161620993
977728653418963044
920666473297498143
792063494022889473
938729796177891369
973681472877781052
942478295012884492
282859044593598464
711765928635007048
855663869825777664
630051786446602270
974724465034412123
556670667995611136
888942354571083818
964593629689692230
964171389781282926
930548688856707073
870664557016797184
774516610434203668
938452010406133830
756273563547467788
929460764488646728
969124140361592883
